===== LDOF RESULTS =====
     sp     dp     pr  fwd  stos  ipkt   ...  flg_PSH  flg_RST  flg_SYN  flg_FIN  sp_is_privileged  dp_is_privileged
178     53  38702   1    0     0      7  ...        1        0        1        1                 1                 0
311    443  55451   1    0     0      2  ...        0        0        0        1                 1                 0
520   7148   8796   1    0     0      1  ...        0        0        1        0                 0                 0
743  38804  49152   2    0     0      1  ...        0        0        0        0                 0                 0
780  54096  50103   1    0     8      1  ...        0        0        1        0                 0                 0
854    443  62105   1    0     0      1  ...        0        0        0        0                 1                 0
949    443  65320   1    0     0      1  ...        0        0        0        0                 1                 0
951    443  41764   1    0     0      3  ...        0        1        0        0                 1                 0
972  31267   4014   1    0     8      1  ...        0        0        1        0                 0                 0
973  55062  49152   2    0     0      1  ...        0        0        0        0                 0                 0

[10 rows x 46 columns]
===== ------------ =====
