===== CBOD RESULTS =====
     sp     dp     pr  fwd  stos  ipkt   ibyt      opkt  da4  flg_ACK  \
22   57902   2000   1    0     0      6       384     0   14        0   
26   13920   2000   1    0     0      6       384     0  199        0   
54    8814     80   1    0     0      5       582     0   11        1   
68    7294   2000   1    0     0      6       384     0  223        0   
69   51366   2000   1    0     0      6       384     0  244        0   
81       0      0   0    0   192      2       120     0  129        0   
968  57769    161   1    0     0      1        50     0  130        0   
972  31267   4014   1    0     8      1        56     0   43        0   
976  37772  17153   1    0     8      1        56     0  215        0   
977  48124   1666   1    0     8      1        56     0  215        0   
978  35015     23   2    0     0      1        56     0  232        0   
980  44354   5811   1    0     8      1        56     0   44        0   

[162 rows x 46 columns]
===== ------------ =====
