===== LDOF RESULTS =====
     sp     dp     pr  fwd  stos  ipkt   ibyt      opkt  obyt  sas  das  dtos  dir  ts_month  ts_day  ts_hour  ts_minute  ts_second  ts_msecond  te_month  te_day  te_hour  te_minute  te_second  te_msecond  tr_month  tr_day  tr_hour  tr_minute  tr_second  tr_msecond  sa1  sa2  sa3  sa4  da1  da2  da3  da4  flg_ACK  flg_PSH  flg_RST  flg_SYN  flg_FIN  sp_is_privileged  dp_is_privileged
178     53  38702   1    0     0      7       565     0     0    0    0     0    0         8      31       14         56          0           0         8      31       14         56          0           0         8      31       14         57          1           0    8    8    8    8  157  138  164   70        1        1        0        1        1                 1                 0
311    443  55451   1    0     0      2       106     0     0    0    0     0    0         8      31       14         56         12           0         8      31       14         56         12           0         8      31       14         57          1           0  142  251  209   14  157  138  110  129        1        0        0        0        1                 1                 0
520   7148   8796   1    0     0      1        50     0     0    0    0     0    0         8      31       14         56         28           0         8      31       14         56         28           0         8      31       14         57          1           0  172  104  138  223  157  138   24  244        0        0        0        1        0                 0                 0
743  38804  49152   2    0     0      1       170     0     0    0    0     0    0         8      31       14         56         31           0         8      31       14         56         31           0         8      31       14         57          1           0   94  102   61   31  157  138   24  123        0        0        0        0        0                 0                 0
780  54096  50103   1    0     8      1        50     0     0    0    0     0    0         8      31       14         56         31           0         8      31       14         56         31           0         8      31       14         57          1           0  167   94  138  149  157  138   28   99        0        0        0        1        0                 0                 0
854    443  62105   1    0     0      1        56     0     0    0    0     0    0         8      31       14         56         32           0         8      31       14         56         32           0         8      31       14         57          1           0  142  250  180  142  157  138   50  146        1        0        0        0        0                 1                 0
949    443  65320   1    0     0      1        56     0     0    0    0     0    0         8      31       14         56         33           0         8      31       14         56         33           0         8      31       14         57          1           0  142  250  180  174  157  138   23   13        0        0        0        0        0                 1                 0
951    443  41764   1    0     0      3       150     0     0    0    0     0    0         8      31       14         56         33           0         8      31       14         56         33           0         8      31       14         57          1           0  142  250  184  104  157  138  186  241        0        0        1        0        0                 1                 0
972  31267   4014   1    0     8      1        56     0     0    0    0     0    0         8      31       14         56         33           0         8      31       14         56         33           0         8      31       14         57          1           0  111    7   96  132  157  138   24   43        0        0        0        1        0                 0                 0
973  55062  49152   2    0     0      1       170     0     0    0    0     0    0         8      31       14         56         33           0         8      31       14         56         33           0         8      31       14         57          1           0   94  102   61   31  157  138   20  179        0        0        0        0        0                 0                 0
===== ------------ =====
